45 0.660131 0.590686 0.0555556 0.0866013
20 0.875817 0.138072 0.0555556 0.0866013
38 0.593954 0.135621 0.0539216 0.0816993
57 0.119281 0.829248 0.0424837 0.0637255
52 0.593954 0.135621 0.0539216 0.0816993
22 0.196078 0.828431 0.0392157 0.0653595
41 0.339052 0.590686 0.0539216 0.0898693
56 0.224673 0.367647 0.0669935 0.0947712
15 0.446078 0.591503 0.0555556 0.0882353
34 0.875817 0.138072 0.0555556 0.0866013
15 0.119281 0.829248 0.0392157 0.0637255
38 0.652778 0.827614 0.0408497 0.0604575
38 0.406863 0.135621 0.0522876 0.0816993
38 0.5 0.827614 0.0392157 0.0637255
34 0.881536 0.829248 0.0408497 0.0669935
46 0.5 0.365196 0.0555556 0.0898693
34 0.500817 0.136438 0.0539216 0.0833333
32 0.270425 0.827614 0.0408497 0.0637255
22 0.803105 0.829248 0.0408497 0.0669935
34 0.576797 0.827614 0.0392157 0.0637255
54 0.728758 0.827614 0.0424837 0.0637255
56 0.312909 0.366013 0.0539216 0.0882353
50 0.125817 0.363562 0.0555556 0.0898693
43 0.875 0.589869 0.0539216 0.0882353
30 0.23366 0.59232 0.0555556 0.0898693
58 0.553922 0.591503 0.0555556 0.0882353
36 0.423203 0.825163 0.0392157 0.0588235
54 0.687908 0.137255 0.0555556 0.0816993
36 0.314542 0.131536 0.0539216 0.0735294
28 0.125817 0.59232 0.0588235 0.0931373
44 0.406863 0.366013 0.0555556 0.0915033
62 0.781046 0.365196 0.0555556 0.0866013
60 0.687908 0.364379 0.0555556 0.0882353
42 0.593954 0.366013 0.0571895 0.0915033
50 0.781863 0.138889 0.0571895 0.0882353
58 0.875817 0.36683 0.0555556 0.0898693
52 0.406863 0.135621 0.0522876 0.0816993
45 0.660131 0.590686 0.0555556 0.0866013
20 0.875817 0.138072 0.0555556 0.0866013
38 0.593954 0.135621 0.0539216 0.0816993
57 0.119281 0.829248 0.0424837 0.0637255
52 0.593954 0.135621 0.0539216 0.0816993
22 0.196078 0.828431 0.0392157 0.0653595
41 0.339052 0.590686 0.0539216 0.0898693
56 0.224673 0.367647 0.0669935 0.0947712
15 0.446078 0.591503 0.0555556 0.0882353
34 0.875817 0.138072 0.0555556 0.0866013
15 0.119281 0.829248 0.0392157 0.0637255
38 0.652778 0.827614 0.0408497 0.0604575
38 0.406863 0.135621 0.0522876 0.0816993
38 0.5 0.827614 0.0392157 0.0637255
34 0.881536 0.829248 0.0408497 0.0669935
46 0.5 0.365196 0.0555556 0.0898693
34 0.500817 0.136438 0.0539216 0.0833333
32 0.270425 0.827614 0.0408497 0.0637255
22 0.803105 0.829248 0.0408497 0.0669935
34 0.576797 0.827614 0.0392157 0.0637255
54 0.728758 0.827614 0.0424837 0.0637255
56 0.312909 0.366013 0.0539216 0.0882353
50 0.125817 0.363562 0.0555556 0.0898693
43 0.875 0.589869 0.0539216 0.0882353
30 0.23366 0.59232 0.0555556 0.0898693
58 0.553922 0.591503 0.0555556 0.0882353
36 0.423203 0.825163 0.0392157 0.0588235
54 0.687908 0.137255 0.0555556 0.0816993
36 0.314542 0.131536 0.0539216 0.0735294
28 0.125817 0.59232 0.0588235 0.0931373
44 0.406863 0.366013 0.0555556 0.0915033
62 0.781046 0.365196 0.0555556 0.0866013
60 0.687908 0.364379 0.0555556 0.0882353
42 0.593954 0.366013 0.0571895 0.0915033
50 0.781863 0.138889 0.0571895 0.0882353
58 0.875817 0.36683 0.0555556 0.0898693
52 0.406863 0.135621 0.0522876 0.0816993
45 0.660131 0.590686 0.0555556 0.0866013
20 0.875817 0.138072 0.0555556 0.0866013
38 0.593954 0.135621 0.0539216 0.0816993
57 0.119281 0.829248 0.0424837 0.0637255
52 0.593954 0.135621 0.0539216 0.0816993
22 0.196078 0.828431 0.0392157 0.0653595
41 0.339052 0.590686 0.0539216 0.0898693
56 0.224673 0.367647 0.0669935 0.0947712
15 0.446078 0.591503 0.0555556 0.0882353
34 0.875817 0.138072 0.0555556 0.0866013
15 0.119281 0.829248 0.0392157 0.0637255
38 0.652778 0.827614 0.0408497 0.0604575
38 0.406863 0.135621 0.0522876 0.0816993
38 0.5 0.827614 0.0392157 0.0637255
34 0.881536 0.829248 0.0408497 0.0669935
46 0.5 0.365196 0.0555556 0.0898693
34 0.500817 0.136438 0.0539216 0.0833333
32 0.270425 0.827614 0.0408497 0.0637255
22 0.803105 0.829248 0.0408497 0.0669935
34 0.576797 0.827614 0.0392157 0.0637255
54 0.728758 0.827614 0.0424837 0.0637255
56 0.312909 0.366013 0.0539216 0.0882353
50 0.125817 0.363562 0.0555556 0.0898693
43 0.875 0.589869 0.0539216 0.0882353
30 0.23366 0.59232 0.0555556 0.0898693
58 0.553922 0.591503 0.0555556 0.0882353
36 0.423203 0.825163 0.0392157 0.0588235
54 0.687908 0.137255 0.0555556 0.0816993
36 0.314542 0.131536 0.0539216 0.0735294
28 0.125817 0.59232 0.0588235 0.0931373
44 0.406863 0.366013 0.0555556 0.0915033
62 0.781046 0.365196 0.0555556 0.0866013
60 0.687908 0.364379 0.0555556 0.0882353
42 0.593954 0.366013 0.0571895 0.0915033
50 0.781863 0.138889 0.0571895 0.0882353
58 0.875817 0.36683 0.0555556 0.0898693
52 0.406863 0.135621 0.0522876 0.0816993
45 0.660131 0.590686 0.0555556 0.0866013
20 0.875817 0.138072 0.0555556 0.0866013
38 0.593954 0.135621 0.0539216 0.0816993
57 0.119281 0.829248 0.0424837 0.0637255
52 0.593954 0.135621 0.0539216 0.0816993
22 0.196078 0.828431 0.0392157 0.0653595
41 0.339052 0.590686 0.0539216 0.0898693
56 0.224673 0.367647 0.0669935 0.0947712
15 0.446078 0.591503 0.0555556 0.0882353
34 0.875817 0.138072 0.0555556 0.0866013
15 0.119281 0.829248 0.0392157 0.0637255
38 0.652778 0.827614 0.0408497 0.0604575
38 0.406863 0.135621 0.0522876 0.0816993
38 0.5 0.827614 0.0392157 0.0637255
34 0.881536 0.829248 0.0408497 0.0669935
46 0.5 0.365196 0.0555556 0.0898693
34 0.500817 0.136438 0.0539216 0.0833333
32 0.270425 0.827614 0.0408497 0.0637255
22 0.803105 0.829248 0.0408497 0.0669935
34 0.576797 0.827614 0.0392157 0.0637255
54 0.728758 0.827614 0.0424837 0.0637255
56 0.312909 0.366013 0.0539216 0.0882353
50 0.125817 0.363562 0.0555556 0.0898693
43 0.875 0.589869 0.0539216 0.0882353
30 0.23366 0.59232 0.0555556 0.0898693
58 0.553922 0.591503 0.0555556 0.0882353
36 0.423203 0.825163 0.0392157 0.0588235
54 0.687908 0.137255 0.0555556 0.0816993
36 0.314542 0.131536 0.0539216 0.0735294
28 0.125817 0.59232 0.0588235 0.0931373
44 0.406863 0.366013 0.0555556 0.0915033
62 0.781046 0.365196 0.0555556 0.0866013
60 0.687908 0.364379 0.0555556 0.0882353
42 0.593954 0.366013 0.0571895 0.0915033
50 0.781863 0.138889 0.0571895 0.0882353
58 0.875817 0.36683 0.0555556 0.0898693
52 0.406863 0.135621 0.0522876 0.0816993
45 0.660131 0.590686 0.0555556 0.0866013
20 0.875817 0.138072 0.0555556 0.0866013
38 0.593954 0.135621 0.0539216 0.0816993
57 0.119281 0.829248 0.0424837 0.0637255
52 0.593954 0.135621 0.0539216 0.0816993
22 0.196078 0.828431 0.0392157 0.0653595
41 0.339052 0.590686 0.0539216 0.0898693
56 0.224673 0.367647 0.0669935 0.0947712
15 0.446078 0.591503 0.0555556 0.0882353
34 0.875817 0.138072 0.0555556 0.0866013
15 0.119281 0.829248 0.0392157 0.0637255
38 0.652778 0.827614 0.0408497 0.0604575
38 0.406863 0.135621 0.0522876 0.0816993
38 0.5 0.827614 0.0392157 0.0637255
34 0.881536 0.829248 0.0408497 0.0669935
46 0.5 0.365196 0.0555556 0.0898693
34 0.500817 0.136438 0.0539216 0.0833333
32 0.270425 0.827614 0.0408497 0.0637255
22 0.803105 0.829248 0.0408497 0.0669935
34 0.576797 0.827614 0.0392157 0.0637255
54 0.728758 0.827614 0.0424837 0.0637255
56 0.312909 0.366013 0.0539216 0.0882353
50 0.125817 0.363562 0.0555556 0.0898693
43 0.875 0.589869 0.0539216 0.0882353
30 0.23366 0.59232 0.0555556 0.0898693
58 0.553922 0.591503 0.0555556 0.0882353
36 0.423203 0.825163 0.0392157 0.0588235
54 0.687908 0.137255 0.0555556 0.0816993
36 0.314542 0.131536 0.0539216 0.0735294
28 0.125817 0.59232 0.0588235 0.0931373
44 0.406863 0.366013 0.0555556 0.0915033
62 0.781046 0.365196 0.0555556 0.0866013
60 0.687908 0.364379 0.0555556 0.0882353
42 0.593954 0.366013 0.0571895 0.0915033
50 0.781863 0.138889 0.0571895 0.0882353
58 0.875817 0.36683 0.0555556 0.0898693
52 0.406863 0.135621 0.0522876 0.0816993
45 0.660131 0.590686 0.0555556 0.0866013
20 0.875817 0.138072 0.0555556 0.0866013
38 0.593954 0.135621 0.0539216 0.0816993
57 0.119281 0.829248 0.0424837 0.0637255
52 0.593954 0.135621 0.0539216 0.0816993
22 0.196078 0.828431 0.0392157 0.0653595
41 0.339052 0.590686 0.0539216 0.0898693
56 0.224673 0.367647 0.0669935 0.0947712
15 0.446078 0.591503 0.0555556 0.0882353
34 0.875817 0.138072 0.0555556 0.0866013
15 0.119281 0.829248 0.0392157 0.0637255
38 0.652778 0.827614 0.0408497 0.0604575
38 0.406863 0.135621 0.0522876 0.0816993
38 0.5 0.827614 0.0392157 0.0637255
34 0.881536 0.829248 0.0408497 0.0669935
46 0.5 0.365196 0.0555556 0.0898693
34 0.500817 0.136438 0.0539216 0.0833333
32 0.270425 0.827614 0.0408497 0.0637255
22 0.803105 0.829248 0.0408497 0.0669935
34 0.576797 0.827614 0.0392157 0.0637255
54 0.728758 0.827614 0.0424837 0.0637255
56 0.312909 0.366013 0.0539216 0.0882353
50 0.125817 0.363562 0.0555556 0.0898693
43 0.875 0.589869 0.0539216 0.0882353
30 0.23366 0.59232 0.0555556 0.0898693
58 0.553922 0.591503 0.0555556 0.0882353
36 0.423203 0.825163 0.0392157 0.0588235
54 0.687908 0.137255 0.0555556 0.0816993
36 0.314542 0.131536 0.0539216 0.0735294
28 0.125817 0.59232 0.0588235 0.0931373
44 0.406863 0.366013 0.0555556 0.0915033
62 0.781046 0.365196 0.0555556 0.0866013
60 0.687908 0.364379 0.0555556 0.0882353
42 0.593954 0.366013 0.0571895 0.0915033
50 0.781863 0.138889 0.0571895 0.0882353
58 0.875817 0.36683 0.0555556 0.0898693
52 0.406863 0.135621 0.0522876 0.0816993
45 0.660131 0.590686 0.0555556 0.0866013
20 0.875817 0.138072 0.0555556 0.0866013
38 0.593954 0.135621 0.0539216 0.0816993
57 0.119281 0.829248 0.0424837 0.0637255
52 0.593954 0.135621 0.0539216 0.0816993
22 0.196078 0.828431 0.0392157 0.0653595
41 0.339052 0.590686 0.0539216 0.0898693
56 0.224673 0.367647 0.0669935 0.0947712
15 0.446078 0.591503 0.0555556 0.0882353
34 0.875817 0.138072 0.0555556 0.0866013
15 0.119281 0.829248 0.0392157 0.0637255
38 0.652778 0.827614 0.0408497 0.0604575
38 0.406863 0.135621 0.0522876 0.0816993
38 0.5 0.827614 0.0392157 0.0637255
34 0.881536 0.829248 0.0408497 0.0669935
46 0.5 0.365196 0.0555556 0.0898693
34 0.500817 0.136438 0.0539216 0.0833333
32 0.270425 0.827614 0.0408497 0.0637255
22 0.803105 0.829248 0.0408497 0.0669935
34 0.576797 0.827614 0.0392157 0.0637255
54 0.728758 0.827614 0.0424837 0.0637255
56 0.312909 0.366013 0.0539216 0.0882353
50 0.125817 0.363562 0.0555556 0.0898693
43 0.875 0.589869 0.0539216 0.0882353
30 0.23366 0.59232 0.0555556 0.0898693
58 0.553922 0.591503 0.0555556 0.0882353
36 0.423203 0.825163 0.0392157 0.0588235
54 0.687908 0.137255 0.0555556 0.0816993
36 0.314542 0.131536 0.0539216 0.0735294
28 0.125817 0.59232 0.0588235 0.0931373
44 0.406863 0.366013 0.0555556 0.0915033
62 0.781046 0.365196 0.0555556 0.0866013
60 0.687908 0.364379 0.0555556 0.0882353
42 0.593954 0.366013 0.0571895 0.0915033
50 0.781863 0.138889 0.0571895 0.0882353
58 0.875817 0.36683 0.0555556 0.0898693
52 0.406863 0.135621 0.0522876 0.0816993
45 0.660131 0.590686 0.0555556 0.0866013
20 0.875817 0.138072 0.0555556 0.0866013
38 0.593954 0.135621 0.0539216 0.0816993
57 0.119281 0.829248 0.0424837 0.0637255
52 0.593954 0.135621 0.0539216 0.0816993
22 0.196078 0.828431 0.0392157 0.0653595
41 0.339052 0.590686 0.0539216 0.0898693
56 0.224673 0.367647 0.0669935 0.0947712
15 0.446078 0.591503 0.0555556 0.0882353
34 0.875817 0.138072 0.0555556 0.0866013
15 0.119281 0.829248 0.0392157 0.0637255
38 0.652778 0.827614 0.0408497 0.0604575
38 0.406863 0.135621 0.0522876 0.0816993
38 0.5 0.827614 0.0392157 0.0637255
34 0.881536 0.829248 0.0408497 0.0669935
46 0.5 0.365196 0.0555556 0.0898693
34 0.500817 0.136438 0.0539216 0.0833333
32 0.270425 0.827614 0.0408497 0.0637255
22 0.803105 0.829248 0.0408497 0.0669935
34 0.576797 0.827614 0.0392157 0.0637255
54 0.728758 0.827614 0.0424837 0.0637255
56 0.312909 0.366013 0.0539216 0.0882353
50 0.125817 0.363562 0.0555556 0.0898693
43 0.875 0.589869 0.0539216 0.0882353
30 0.23366 0.59232 0.0555556 0.0898693
58 0.553922 0.591503 0.0555556 0.0882353
36 0.423203 0.825163 0.0392157 0.0588235
54 0.687908 0.137255 0.0555556 0.0816993
36 0.314542 0.131536 0.0539216 0.0735294
28 0.125817 0.59232 0.0588235 0.0931373
44 0.406863 0.366013 0.0555556 0.0915033
62 0.781046 0.365196 0.0555556 0.0866013
60 0.687908 0.364379 0.0555556 0.0882353
42 0.593954 0.366013 0.0571895 0.0915033
50 0.781863 0.138889 0.0571895 0.0882353
58 0.875817 0.36683 0.0555556 0.0898693
52 0.406863 0.135621 0.0522876 0.0816993
45 0.660131 0.590686 0.0555556 0.0866013
20 0.875817 0.138072 0.0555556 0.0866013
38 0.593954 0.135621 0.0539216 0.0816993
57 0.119281 0.829248 0.0424837 0.0637255
52 0.593954 0.135621 0.0539216 0.0816993
22 0.196078 0.828431 0.0392157 0.0653595
41 0.339052 0.590686 0.0539216 0.0898693
56 0.224673 0.367647 0.0669935 0.0947712
15 0.446078 0.591503 0.0555556 0.0882353
34 0.875817 0.138072 0.0555556 0.0866013
15 0.119281 0.829248 0.0392157 0.0637255
38 0.652778 0.827614 0.0408497 0.0604575
38 0.406863 0.135621 0.0522876 0.0816993
38 0.5 0.827614 0.0392157 0.0637255
34 0.881536 0.829248 0.0408497 0.0669935
46 0.5 0.365196 0.0555556 0.0898693
34 0.500817 0.136438 0.0539216 0.0833333
32 0.270425 0.827614 0.0408497 0.0637255
22 0.803105 0.829248 0.0408497 0.0669935
34 0.576797 0.827614 0.0392157 0.0637255
54 0.728758 0.827614 0.0424837 0.0637255
56 0.312909 0.366013 0.0539216 0.0882353
50 0.125817 0.363562 0.0555556 0.0898693
43 0.875 0.589869 0.0539216 0.0882353
30 0.23366 0.59232 0.0555556 0.0898693
58 0.553922 0.591503 0.0555556 0.0882353
36 0.423203 0.825163 0.0392157 0.0588235
54 0.687908 0.137255 0.0555556 0.0816993
36 0.314542 0.131536 0.0539216 0.0735294
28 0.125817 0.59232 0.0588235 0.0931373
44 0.406863 0.366013 0.0555556 0.0915033
62 0.781046 0.365196 0.0555556 0.0866013
60 0.687908 0.364379 0.0555556 0.0882353
42 0.593954 0.366013 0.0571895 0.0915033
50 0.781863 0.138889 0.0571895 0.0882353
58 0.875817 0.36683 0.0555556 0.0898693
52 0.406863 0.135621 0.0522876 0.0816993
45 0.660131 0.590686 0.0555556 0.0866013
20 0.875817 0.138072 0.0555556 0.0866013
38 0.593954 0.135621 0.0539216 0.0816993
57 0.119281 0.829248 0.0424837 0.0637255
52 0.593954 0.135621 0.0539216 0.0816993
22 0.196078 0.828431 0.0392157 0.0653595
41 0.339052 0.590686 0.0539216 0.0898693
56 0.224673 0.367647 0.0669935 0.0947712
15 0.446078 0.591503 0.0555556 0.0882353
34 0.875817 0.138072 0.0555556 0.0866013
15 0.119281 0.829248 0.0392157 0.0637255
38 0.652778 0.827614 0.0408497 0.0604575
38 0.406863 0.135621 0.0522876 0.0816993
38 0.5 0.827614 0.0392157 0.0637255
34 0.881536 0.829248 0.0408497 0.0669935
46 0.5 0.365196 0.0555556 0.0898693
34 0.500817 0.136438 0.0539216 0.0833333
32 0.270425 0.827614 0.0408497 0.0637255
22 0.803105 0.829248 0.0408497 0.0669935
34 0.576797 0.827614 0.0392157 0.0637255
54 0.728758 0.827614 0.0424837 0.0637255
56 0.312909 0.366013 0.0539216 0.0882353
50 0.125817 0.363562 0.0555556 0.0898693
43 0.875 0.589869 0.0539216 0.0882353
30 0.23366 0.59232 0.0555556 0.0898693
58 0.553922 0.591503 0.0555556 0.0882353
36 0.423203 0.825163 0.0392157 0.0588235
54 0.687908 0.137255 0.0555556 0.0816993
36 0.314542 0.131536 0.0539216 0.0735294
28 0.125817 0.59232 0.0588235 0.0931373
44 0.406863 0.366013 0.0555556 0.0915033
62 0.781046 0.365196 0.0555556 0.0866013
60 0.687908 0.364379 0.0555556 0.0882353
42 0.593954 0.366013 0.0571895 0.0915033
50 0.781863 0.138889 0.0571895 0.0882353
58 0.875817 0.36683 0.0555556 0.0898693
52 0.406863 0.135621 0.0522876 0.0816993
45 0.660131 0.590686 0.0555556 0.0866013
20 0.875817 0.138072 0.0555556 0.0866013
38 0.593954 0.135621 0.0539216 0.0816993
57 0.119281 0.829248 0.0424837 0.0637255
52 0.593954 0.135621 0.0539216 0.0816993
22 0.196078 0.828431 0.0392157 0.0653595
41 0.339052 0.590686 0.0539216 0.0898693
56 0.224673 0.367647 0.0669935 0.0947712
15 0.446078 0.591503 0.0555556 0.0882353
34 0.875817 0.138072 0.0555556 0.0866013
15 0.119281 0.829248 0.0392157 0.0637255
38 0.652778 0.827614 0.0408497 0.0604575
38 0.406863 0.135621 0.0522876 0.0816993
38 0.5 0.827614 0.0392157 0.0637255
34 0.881536 0.829248 0.0408497 0.0669935
46 0.5 0.365196 0.0555556 0.0898693
34 0.500817 0.136438 0.0539216 0.0833333
32 0.270425 0.827614 0.0408497 0.0637255
22 0.803105 0.829248 0.0408497 0.0669935
34 0.576797 0.827614 0.0392157 0.0637255
54 0.728758 0.827614 0.0424837 0.0637255
56 0.312909 0.366013 0.0539216 0.0882353
50 0.125817 0.363562 0.0555556 0.0898693
43 0.875 0.589869 0.0539216 0.0882353
30 0.23366 0.59232 0.0555556 0.0898693
58 0.553922 0.591503 0.0555556 0.0882353
36 0.423203 0.825163 0.0392157 0.0588235
54 0.687908 0.137255 0.0555556 0.0816993
36 0.314542 0.131536 0.0539216 0.0735294
28 0.125817 0.59232 0.0588235 0.0931373
44 0.406863 0.366013 0.0555556 0.0915033
62 0.781046 0.365196 0.0555556 0.0866013
60 0.687908 0.364379 0.0555556 0.0882353
42 0.593954 0.366013 0.0571895 0.0915033
50 0.781863 0.138889 0.0571895 0.0882353
58 0.875817 0.36683 0.0555556 0.0898693
52 0.406863 0.135621 0.0522876 0.0816993
47 0.768791 0.591503 0.0539216 0.0882353
50 0.195261 0.828431 0.0408497 0.0653595
48 0.908497 0.866013 0.101307 0.147059
32 0.125817 0.135621 0.0555556 0.0849673
48 0.348856 0.827614 0.0441176 0.0637255
48 0.218954 0.136438 0.0522876 0.0833333
20 0.880719 0.829248 0.0457516 0.0702614
45 0.660131 0.590686 0.0555556 0.0866013
20 0.875817 0.138072 0.0555556 0.0866013
38 0.593954 0.135621 0.0539216 0.0816993
57 0.119281 0.829248 0.0424837 0.0637255
52 0.593954 0.135621 0.0539216 0.0816993
22 0.196078 0.828431 0.0392157 0.0653595
41 0.339052 0.590686 0.0539216 0.0898693
56 0.224673 0.367647 0.0669935 0.0947712
15 0.446078 0.591503 0.0555556 0.0882353
34 0.875817 0.138072 0.0555556 0.0866013
15 0.119281 0.829248 0.0392157 0.0637255
38 0.652778 0.827614 0.0408497 0.0604575
38 0.406863 0.135621 0.0522876 0.0816993
38 0.5 0.827614 0.0392157 0.0637255
34 0.881536 0.829248 0.0408497 0.0669935
46 0.5 0.365196 0.0555556 0.0898693
34 0.500817 0.136438 0.0539216 0.0833333
32 0.270425 0.827614 0.0408497 0.0637255
22 0.803105 0.829248 0.0408497 0.0669935
34 0.576797 0.827614 0.0392157 0.0637255
54 0.728758 0.827614 0.0424837 0.0637255
56 0.312909 0.366013 0.0539216 0.0882353
50 0.125817 0.363562 0.0555556 0.0898693
43 0.875 0.589869 0.0539216 0.0882353
30 0.23366 0.59232 0.0555556 0.0898693
58 0.553922 0.591503 0.0555556 0.0882353
36 0.423203 0.825163 0.0392157 0.0588235
54 0.687908 0.137255 0.0555556 0.0816993
36 0.314542 0.131536 0.0539216 0.0735294
28 0.125817 0.59232 0.0588235 0.0931373
44 0.406863 0.366013 0.0555556 0.0915033
62 0.781046 0.365196 0.0555556 0.0866013
60 0.687908 0.364379 0.0555556 0.0882353
42 0.593954 0.366013 0.0571895 0.0915033
50 0.781863 0.138889 0.0571895 0.0882353
58 0.875817 0.36683 0.0555556 0.0898693
52 0.406863 0.135621 0.0522876 0.0816993
47 0.768791 0.591503 0.0539216 0.0882353
50 0.195261 0.828431 0.0408497 0.0653595
48 0.908497 0.866013 0.101307 0.147059
32 0.125817 0.135621 0.0555556 0.0849673
48 0.348856 0.827614 0.0441176 0.0637255
48 0.218954 0.136438 0.0522876 0.0833333
20 0.880719 0.829248 0.0457516 0.0702614
45 0.660131 0.590686 0.0555556 0.0866013
20 0.875817 0.138072 0.0555556 0.0866013
38 0.593954 0.135621 0.0539216 0.0816993
57 0.119281 0.829248 0.0424837 0.0637255
52 0.593954 0.135621 0.0539216 0.0816993
22 0.196078 0.828431 0.0392157 0.0653595
41 0.339052 0.590686 0.0539216 0.0898693
56 0.224673 0.367647 0.0669935 0.0947712
15 0.446078 0.591503 0.0555556 0.0882353
34 0.875817 0.138072 0.0555556 0.0866013
15 0.119281 0.829248 0.0392157 0.0637255
38 0.652778 0.827614 0.0408497 0.0604575
38 0.406863 0.135621 0.0522876 0.0816993
38 0.5 0.827614 0.0392157 0.0637255
34 0.881536 0.829248 0.0408497 0.0669935
46 0.5 0.365196 0.0555556 0.0898693
34 0.500817 0.136438 0.0539216 0.0833333
32 0.270425 0.827614 0.0408497 0.0637255
22 0.803105 0.829248 0.0408497 0.0669935
34 0.576797 0.827614 0.0392157 0.0637255
54 0.728758 0.827614 0.0424837 0.0637255
56 0.312909 0.366013 0.0539216 0.0882353
50 0.125817 0.363562 0.0555556 0.0898693
43 0.875 0.589869 0.0539216 0.0882353
30 0.23366 0.59232 0.0555556 0.0898693
58 0.553922 0.591503 0.0555556 0.0882353
36 0.423203 0.825163 0.0392157 0.0588235
54 0.687908 0.137255 0.0555556 0.0816993
36 0.314542 0.131536 0.0539216 0.0735294
28 0.125817 0.59232 0.0588235 0.0931373
44 0.406863 0.366013 0.0555556 0.0915033
62 0.781046 0.365196 0.0555556 0.0866013
60 0.687908 0.364379 0.0555556 0.0882353
42 0.593954 0.366013 0.0571895 0.0915033
50 0.781863 0.138889 0.0571895 0.0882353
58 0.875817 0.36683 0.0555556 0.0898693
52 0.406863 0.135621 0.0522876 0.0816993
